##FastQC	0.11.5
>>Basic Statistics	pass
#Measure	Value
Filename	ANCIENT.SIM.CONT.COV-10.RUN-4.fq
File type	Conventional base calls
Encoding	Sanger / Illumina 1.9
Total Sequences	5150
Sequences flagged as poor quality	0
Sequence length	30-49
%GC	37
>>END_MODULE
>>Per base sequence quality	pass
#Base	Mean	Median	Lower Quartile	Upper Quartile	10th Percentile	90th Percentile
1	33.28679611650485	34.0	33.0	34.0	32.0	34.0
2	32.89126213592233	34.0	33.0	34.0	32.0	34.0
3	32.85766990291262	34.0	33.0	34.0	32.0	34.0
4	32.8031067961165	34.0	33.0	34.0	32.0	34.0
5	32.90252427184466	34.0	33.0	34.0	32.0	34.0
6	36.32368932038835	38.0	37.0	38.0	34.0	38.0
7	36.57747572815534	38.0	38.0	38.0	35.0	38.0
8	36.696699029126215	38.0	38.0	38.0	35.0	38.0
9	36.79689320388349	38.0	38.0	38.0	36.0	38.0
10	36.84485436893204	38.0	38.0	38.0	36.0	38.0
11	36.82718446601942	38.0	38.0	38.0	35.0	38.0
12	36.819223300970876	38.0	38.0	38.0	35.0	38.0
13	36.92097087378641	38.0	38.0	38.0	36.0	38.0
14	36.78388349514563	38.0	38.0	38.0	36.0	38.0
15	36.7578640776699	38.0	38.0	38.0	35.0	38.0
16	36.82291262135922	38.0	38.0	38.0	36.0	38.0
17	36.83029126213592	38.0	38.0	38.0	36.0	38.0
18	36.76252427184466	38.0	38.0	38.0	35.0	38.0
19	36.79689320388349	38.0	38.0	38.0	36.0	38.0
20	36.75611650485437	38.0	38.0	38.0	35.0	38.0
21	36.72621359223301	38.0	38.0	38.0	36.0	38.0
22	36.735533980582524	38.0	38.0	38.0	36.0	38.0
23	36.85514563106796	38.0	38.0	38.0	36.0	38.0
24	36.855339805825245	38.0	38.0	38.0	36.0	38.0
25	36.80427184466019	38.0	38.0	38.0	36.0	38.0
26	36.73126213592233	38.0	38.0	38.0	35.0	38.0
27	36.792038834951455	38.0	38.0	38.0	36.0	38.0
28	36.72077669902912	38.0	38.0	38.0	35.0	38.0
29	36.783106796116506	38.0	38.0	38.0	35.0	38.0
30	36.88135922330097	38.0	38.0	38.0	36.0	38.0
31	36.89143906357585	38.0	38.0	38.0	36.0	38.0
32	36.956378600823044	38.0	38.0	38.0	36.0	38.0
33	36.850303438975054	38.0	38.0	38.0	36.0	38.0
34	36.837638376383765	38.0	38.0	38.0	36.0	38.0
35	36.60755667506297	38.0	38.0	38.0	35.0	38.0
36	36.85285101164929	38.0	38.0	38.0	35.0	38.0
37	36.80792227204783	38.0	38.0	38.0	36.0	38.0
38	36.83601895734597	38.0	38.0	38.0	35.0	38.0
39	36.744239631336406	38.0	38.0	38.0	35.0	38.0
40	36.9648382559775	38.0	38.0	38.0	35.0	38.0
41	36.694772344013494	38.0	38.0	38.0	35.0	38.0
42	36.730382293762574	38.0	38.0	38.0	34.0	38.0
43	36.91906005221932	38.0	38.0	38.0	35.0	38.0
44	36.83946488294314	38.0	38.0	38.0	35.0	38.0
45	36.77725118483412	38.0	38.0	38.0	35.0	38.0
46	36.979729729729726	38.0	38.0	38.0	35.0	38.0
47	37.483870967741936	NaN	NaN	NaN	NaN	NaN
48	36.327586206896555	NaN	NaN	NaN	NaN	NaN
49	37.733333333333334	NaN	NaN	NaN	NaN	NaN
>>END_MODULE
>>Per sequence quality scores	pass
#Quality	Count
32	2.0
33	32.0
34	264.0
35	1379.0
36	2850.0
37	623.0
>>END_MODULE
>>Per base sequence content	fail
#Base	G	A	T	C
1	23.495145631067963	30.75728155339806	40.834951456310684	4.912621359223301
2	25.20388349514563	29.106796116504853	37.30097087378641	8.388349514563107
3	24.75728155339806	30.42718446601942	35.728155339805824	9.087378640776699
4	23.45631067961165	29.650485436893202	35.59223300970874	11.300970873786408
5	25.165048543689323	28.42718446601942	33.22330097087379	13.184466019417476
6	22.796116504854368	29.708737864077673	33.78640776699029	13.70873786407767
7	23.20388349514563	28.194174757281555	34.23300970873787	14.36893203883495
8	23.728155339805827	29.106796116504853	32.62135922330097	14.543689320388351
9	24.097087378640776	28.83495145631068	31.223300970873787	15.844660194174756
10	23.66990291262136	28.194174757281555	31.766990291262136	16.368932038834952
11	23.980582524271846	28.699029126213592	32.07766990291262	15.242718446601941
12	24.058252427184463	28.09708737864078	32.07766990291262	15.766990291262136
13	23.66990291262136	28.194174757281555	31.223300970873787	16.9126213592233
14	23.009708737864077	28.71844660194175	31.650485436893206	16.62135922330097
15	23.514563106796118	28.330097087378643	31.145631067961165	17.009708737864077
16	22.95145631067961	28.87378640776699	31.514563106796118	16.66019417475728
17	23.320388349514563	28.446601941747574	31.37864077669903	16.854368932038835
18	22.990291262135923	28.466019417475728	31.009708737864077	17.533980582524272
19	22.097087378640776	28.601941747572816	32.15533980582524	17.145631067961165
20	22.83495145631068	28.271844660194173	32.640776699029125	16.25242718446602
21	24.058252427184463	28.87378640776699	30.466019417475724	16.601941747572816
22	23.66990291262136	28.000000000000004	31.57281553398058	16.75728155339806
23	23.398058252427184	28.66019417475728	31.12621359223301	16.815533980582526
24	23.436893203883496	29.009708737864077	31.475728155339805	16.07766990291262
25	23.495145631067963	28.03883495145631	32.271844660194176	16.194174757281555
26	23.12621359223301	28.640776699029125	31.475728155339805	16.75728155339806
27	23.78640776699029	28.42718446601942	32.58252427184466	15.203883495145632
28	24.21359223300971	26.737864077669904	34.48543689320388	14.563106796116504
29	24.097087378640776	28.83495145631068	34.116504854368934	12.951456310679612
30	23.980582524271846	29.35922330097087	36.310679611650485	10.349514563106796
31	24.236860224925408	29.148496672022034	36.676612347945834	9.938030755106725
32	23.81344307270233	29.574759945130314	36.598079561042525	10.013717421124829
33	24.78084962913014	27.612946729602157	37.76129467296022	9.844908968307484
34	24.805248052480525	29.68429684296843	35.87535875358754	9.63509635096351
35	22.972292191435766	32.695214105793454	36.070528967254404	8.261964735516372
36	24.58614347026364	28.93930104230533	36.66462293071735	9.809932556713672
37	25.85949177877429	28.176382660687594	37.96711509715994	7.997010463378176
38	26.729857819905213	25.971563981042657	37.6303317535545	9.66824644549763
39	25.806451612903224	28.57142857142857	36.63594470046083	8.986175115207374
40	25.87904360056259	27.144866385372712	38.53727144866385	8.438818565400844
41	25.801011804384487	27.150084317032043	37.436762225969645	9.612141652613827
42	23.340040241448694	31.790744466800803	38.22937625754527	6.639839034205232
43	24.281984334203656	30.026109660574413	37.0757180156658	8.616187989556137
44	21.40468227424749	30.76923076923077	40.468227424749166	7.357859531772576
45	27.96208530805687	31.753554502369667	34.59715639810427	5.687203791469194
46	24.324324324324326	23.64864864864865	43.24324324324324	8.783783783783784
47	37.634408602150536	31.182795698924732	25.806451612903224	5.376344086021505
48	18.96551724137931	37.93103448275862	37.93103448275862	5.172413793103448
49	20.0	36.666666666666664	33.33333333333333	10.0
>>END_MODULE
>>Per sequence GC content	pass
#GC Content	Count
0	0.0
1	0.0
2	0.0
3	0.0
4	0.0
5	0.5
6	1.0
7	1.0
8	1.5
9	2.5
10	4.5
11	8.0
12	10.0
13	11.0
14	16.5
15	28.5
16	41.0
17	53.5
18	68.0
19	77.5
20	96.0
21	126.5
22	149.0
23	160.0
24	179.0
25	223.0
26	264.5
27	303.5
28	363.0
29	414.5
30	446.5
31	479.0
32	519.5
33	574.5
34	632.5
35	666.0
36	684.0
37	691.5
38	678.0
39	665.5
40	660.5
41	651.5
42	637.0
43	606.5
44	556.0
45	487.0
46	434.5
47	386.0
48	327.5
49	288.5
50	252.0
51	225.5
52	192.0
53	142.5
54	113.0
55	99.0
56	84.0
57	73.0
58	59.0
59	47.0
60	39.5
61	30.5
62	25.0
63	16.5
64	10.5
65	7.0
66	4.5
67	4.0
68	2.5
69	1.5
70	1.0
71	1.5
72	2.0
73	1.5
74	0.5
75	0.0
76	0.0
77	0.0
78	0.0
79	0.0
80	0.0
81	0.0
82	0.0
83	0.0
84	0.0
85	0.0
86	0.0
87	0.0
88	0.0
89	0.0
90	0.0
91	0.0
92	0.0
93	0.0
94	0.0
95	0.0
96	0.0
97	0.0
98	0.0
99	0.0
100	0.0
>>END_MODULE
>>Per base N content	pass
#Base	N-Count
1	0.0
2	0.0
3	0.0
4	0.0
5	0.0
6	0.0
7	0.0
8	0.0
9	0.0
10	0.0
11	0.0
12	0.0
13	0.0
14	0.0
15	0.0
16	0.0
17	0.0
18	0.0
19	0.0
20	0.0
21	0.0
22	0.0
23	0.0
24	0.0
25	0.0
26	0.0
27	0.0
28	0.0
29	0.0
30	0.0
31	0.0
32	0.0
33	0.0
34	0.0
35	0.0
36	0.0
37	0.0
38	0.0
39	0.0
40	0.0
41	0.0
42	0.0
43	0.0
44	0.0
45	0.0
46	0.0
47	0.0
48	0.0
49	0.0
>>END_MODULE
>>Sequence Length Distribution	warn
#Length	Count
30	793.0
31	712.0
32	679.0
33	527.0
34	454.0
35	354.0
36	293.0
37	283.0
38	187.0
39	157.0
40	118.0
41	96.0
42	114.0
43	84.0
44	88.0
45	63.0
46	55.0
47	35.0
48	28.0
49	30.0
>>END_MODULE
>>Sequence Duplication Levels	pass
#Total Deduplicated Percentage	100.0
#Duplication Level	Percentage of deduplicated	Percentage of total
1	100.0	100.0
2	0.0	0.0
3	0.0	0.0
4	0.0	0.0
5	0.0	0.0
6	0.0	0.0
7	0.0	0.0
8	0.0	0.0
9	0.0	0.0
>10	0.0	0.0
>50	0.0	0.0
>100	0.0	0.0
>500	0.0	0.0
>1k	0.0	0.0
>5k	0.0	0.0
>10k+	0.0	0.0
>>END_MODULE
>>Overrepresented sequences	pass
>>END_MODULE
>>Adapter Content	pass
#Position	Illumina Universal Adapter	Illumina Small RNA 3' Adapter	Illumina Small RNA 5' Adapter	Nextera Transposase Sequence	SOLID Small RNA Adapter
1	0.0	0.0	0.0	0.0	0.0
2	0.0	0.0	0.0	0.0	0.0
3	0.0	0.0	0.0	0.0	0.0
4	0.0	0.0	0.0	0.0	0.0
5	0.0	0.0	0.0	0.0	0.0
6	0.0	0.0	0.0	0.0	0.0
7	0.0	0.0	0.0	0.0	0.0
8	0.0	0.0	0.0	0.0	0.0
9	0.0	0.0	0.0	0.0	0.0
10	0.0	0.0	0.0	0.0	0.0
11	0.0	0.0	0.0	0.0	0.0
12	0.0	0.0	0.0	0.0	0.0
13	0.0	0.0	0.0	0.0	0.0
14	0.0	0.0	0.0	0.0	0.0
15	0.0	0.0	0.0	0.0	0.0
16	0.0	0.0	0.0	0.0	0.0
17	0.0	0.0	0.0	0.0	0.0
18	0.0	0.0	0.0	0.0	0.0
19	0.0	0.0	0.0	0.0	0.0
20	0.0	0.0	0.0	0.0	0.0
21	0.0	0.0	0.0	0.0	0.0
22	0.0	0.0	0.0	0.0	0.0
23	0.0	0.0	0.0	0.0	0.0
24	0.0	0.0	0.0	0.0	0.0
25	0.0	0.0	0.0	0.0	0.0
26	0.0	0.0	0.0	0.0	0.0
27	0.0	0.0	0.0	0.0	0.0
28	0.0	0.0	0.0	0.0	0.0
29	0.0	0.0	0.0	0.0	0.0
30	0.0	0.0	0.0	0.0	0.0
31	0.0	0.0	0.0	0.0	0.0
32	0.0	0.0	0.0	0.0	0.0
33	0.0	0.0	0.0	0.0	0.0
34	0.0	0.0	0.0	0.0	0.0
35	0.0	0.0	0.0	0.0	0.0
36	0.0	0.0	0.0	0.0	0.0
37	0.0	0.0	0.0	0.0	0.0
>>END_MODULE
>>Kmer Content	fail
#Sequence	Count	PValue	Obs/Exp Max	Max Obs/Exp Position
TCATTTC	5	0.0	2917.0	43
CATCATT	5	0.0057752277	972.3333	41
ATCATTT	5	0.0057752277	972.3333	42
CAAACAT	5	0.0057752277	972.3333	41
>>END_MODULE
