##FastQC	0.11.5
>>Basic Statistics	pass
#Measure	Value
Filename	ANCIENT.SIM.CONT.COV-10.RUN-5.fq
File type	Conventional base calls
Encoding	Sanger / Illumina 1.9
Total Sequences	5150
Sequences flagged as poor quality	0
Sequence length	30-49
%GC	37
>>END_MODULE
>>Per base sequence quality	pass
#Base	Mean	Median	Lower Quartile	Upper Quartile	10th Percentile	90th Percentile
1	33.249126213592234	34.0	33.0	34.0	32.0	34.0
2	32.906019417475726	34.0	33.0	34.0	32.0	34.0
3	32.87184466019418	34.0	33.0	34.0	32.0	34.0
4	32.83883495145631	34.0	33.0	34.0	32.0	34.0
5	32.96660194174757	34.0	33.0	34.0	32.0	34.0
6	36.39708737864078	38.0	37.0	38.0	34.0	38.0
7	36.60271844660194	38.0	38.0	38.0	34.0	38.0
8	36.68757281553398	38.0	38.0	38.0	35.0	38.0
9	36.82601941747573	38.0	38.0	38.0	36.0	38.0
10	36.88330097087378	38.0	38.0	38.0	36.0	38.0
11	36.84271844660194	38.0	38.0	38.0	36.0	38.0
12	36.97184466019417	38.0	38.0	38.0	36.0	38.0
13	36.81747572815534	38.0	38.0	38.0	36.0	38.0
14	36.88116504854369	38.0	38.0	38.0	36.0	38.0
15	36.78893203883495	38.0	38.0	38.0	36.0	38.0
16	36.74252427184466	38.0	38.0	38.0	35.0	38.0
17	36.80271844660194	38.0	38.0	38.0	36.0	38.0
18	36.85165048543689	38.0	38.0	38.0	36.0	38.0
19	36.80932038834951	38.0	38.0	38.0	36.0	38.0
20	36.79805825242718	38.0	38.0	38.0	36.0	38.0
21	36.772815533980584	38.0	38.0	38.0	36.0	38.0
22	36.79300970873786	38.0	38.0	38.0	36.0	38.0
23	36.754757281553395	38.0	38.0	38.0	35.0	38.0
24	36.816310679611654	38.0	38.0	38.0	36.0	38.0
25	36.859611650485434	38.0	38.0	38.0	36.0	38.0
26	36.79922330097087	38.0	38.0	38.0	36.0	38.0
27	36.775145631067964	38.0	38.0	38.0	36.0	38.0
28	36.772815533980584	38.0	38.0	38.0	35.0	38.0
29	36.82854368932039	38.0	38.0	38.0	36.0	38.0
30	36.80893203883495	38.0	38.0	38.0	36.0	38.0
31	36.82231404958678	38.0	38.0	38.0	36.0	38.0
32	36.78485838779957	38.0	38.0	38.0	35.0	38.0
33	36.82157123834887	38.0	38.0	38.0	35.0	38.0
34	36.887934560327196	38.0	38.0	38.0	36.0	38.0
35	36.90682281059063	38.0	38.0	38.0	36.0	38.0
36	36.880982367758186	38.0	38.0	38.0	36.0	38.0
37	36.93275996872557	38.0	38.0	38.0	36.0	38.0
38	36.76841085271318	38.0	38.0	38.0	35.0	38.0
39	37.02690058479532	38.0	38.0	38.0	36.0	38.0
40	36.611111111111114	38.0	38.0	38.0	34.0	38.0
41	36.67084078711986	38.0	38.0	38.0	35.0	38.0
42	36.85480572597137	38.0	38.0	38.0	35.0	38.0
43	36.560526315789474	38.0	38.0	38.0	35.0	38.0
44	36.845360824742265	38.0	38.0	38.0	35.0	38.0
45	36.654377880184335	38.0	38.0	38.0	34.0	38.0
46	36.78231292517007	38.0	38.0	38.0	36.0	38.0
47	36.78	NaN	NaN	NaN	NaN	NaN
48	37.0	NaN	NaN	NaN	NaN	NaN
49	37.30434782608695	NaN	NaN	NaN	NaN	NaN
>>END_MODULE
>>Per sequence quality scores	pass
#Quality	Count
32	2.0
33	14.0
34	228.0
35	1394.0
36	2846.0
37	666.0
>>END_MODULE
>>Per base sequence content	fail
#Base	G	A	T	C
1	24.29126213592233	30.466019417475724	40.15533980582524	5.087378640776699
2	23.941747572815533	30.36893203883495	37.94174757281553	7.747572815533981
3	24.504854368932037	28.71844660194175	36.67961165048544	10.097087378640776
4	23.96116504854369	29.145631067961165	35.786407766990294	11.106796116504853
5	23.941747572815533	29.650485436893202	33.57281553398058	12.83495145631068
6	23.883495145631066	29.650485436893202	32.83495145631068	13.63106796116505
7	24.854368932038835	28.330097087378643	33.359223300970875	13.456310679611649
8	23.553398058252426	27.883495145631066	33.18446601941748	15.37864077669903
9	23.436893203883496	28.174757281553397	32.79611650485437	15.592233009708739
10	22.194174757281555	28.796116504854368	32.407766990291265	16.601941747572816
11	22.97087378640777	28.7378640776699	31.24271844660194	17.04854368932039
12	22.815533980582526	29.009708737864077	32.679611650485434	15.495145631067961
13	23.78640776699029	29.49514563106796	32.09708737864078	14.62135922330097
14	23.45631067961165	29.126213592233007	30.601941747572813	16.815533980582526
15	23.0873786407767	27.78640776699029	32.19417475728155	16.932038834951456
16	24.485436893203882	29.24271844660194	30.271844660194176	16.0
17	22.40776699029126	29.902912621359224	30.87378640776699	16.815533980582526
18	22.737864077669904	28.679611650485437	31.57281553398058	17.009708737864077
19	21.320388349514563	28.388349514563103	32.69902912621359	17.59223300970874
20	22.50485436893204	28.83495145631068	31.456310679611647	17.20388349514563
21	22.815533980582526	28.99029126213592	31.30097087378641	16.893203883495143
22	23.04854368932039	28.66019417475728	31.514563106796118	16.776699029126213
23	22.9126213592233	29.766990291262136	30.524271844660195	16.796116504854368
24	22.50485436893204	28.99029126213592	31.20388349514563	17.300970873786408
25	22.388349514563107	29.203883495145632	31.864077669902912	16.54368932038835
26	23.864077669902915	28.310679611650485	31.66990291262136	16.155339805825243
27	23.689320388349515	28.796116504854368	32.58252427184466	14.932038834951456
28	22.66019417475728	28.99029126213592	34.116504854368934	14.233009708737864
29	23.70873786407767	29.281553398058254	34.77669902912621	12.233009708737864
30	23.844660194174757	28.66019417475728	37.029126213592235	10.466019417475728
31	24.311294765840223	29.40771349862259	36.79981634527089	9.4811753902663
32	23.257080610021784	29.793028322440087	36.84640522875817	10.103485838779957
33	25.332889480692412	28.66178428761651	37.017310252996005	8.988015978695072
34	26.666666666666668	28.46625766871166	34.68302658486708	10.184049079754601
35	24.287169042769857	29.429735234215887	36.812627291242364	9.470468431771895
36	25.629722921914354	30.037783375314863	35.642317380352644	8.690176322418136
37	25.879593432369035	29.86708365910868	36.903831118060985	7.349491790461298
38	25.387596899224807	30.13565891472868	35.85271317829458	8.624031007751938
39	26.666666666666668	31.2280701754386	32.748538011695906	9.35672514619883
40	25.877192982456144	29.385964912280706	36.69590643274854	8.04093567251462
41	25.402504472271914	29.695885509838998	35.59928443649374	9.30232558139535
42	29.65235173824131	30.879345603271986	33.33333333333333	6.134969325153374
43	27.631578947368425	27.105263157894736	37.89473684210527	7.368421052631578
44	26.11683848797251	29.896907216494846	36.42611683848797	7.560137457044673
45	22.58064516129032	31.797235023041477	40.09216589861751	5.529953917050691
46	26.53061224489796	24.489795918367346	39.455782312925166	9.523809523809524
47	28.999999999999996	22.0	40.0	9.0
48	37.03703703703704	20.37037037037037	38.88888888888889	3.7037037037037033
49	21.73913043478261	21.73913043478261	47.82608695652174	8.695652173913043
>>END_MODULE
>>Per sequence GC content	pass
#GC Content	Count
0	0.0
1	0.0
2	0.0
3	0.0
4	0.0
5	0.0
6	0.0
7	0.5
8	2.5
9	4.0
10	4.0
11	6.0
12	9.5
13	15.0
14	25.5
15	39.0
16	48.0
17	50.5
18	63.0
19	80.5
20	97.5
21	123.5
22	149.0
23	178.5
24	207.5
25	234.0
26	268.0
27	304.0
28	350.5
29	392.0
30	435.0
31	497.5
32	569.5
33	628.5
34	655.5
35	661.0
36	664.0
37	674.5
38	684.5
39	697.0
40	707.0
41	695.5
42	642.0
43	589.5
44	533.5
45	471.5
46	442.0
47	408.0
48	348.5
49	289.0
50	229.0
51	185.5
52	159.0
53	128.0
54	104.5
55	84.5
56	63.5
57	49.5
58	43.5
59	38.5
60	34.0
61	24.5
62	16.5
63	13.5
64	12.0
65	8.5
66	5.0
67	4.0
68	4.0
69	2.5
70	1.5
71	1.0
72	1.0
73	0.5
74	0.0
75	0.0
76	0.0
77	0.0
78	0.0
79	0.0
80	0.0
81	0.0
82	0.0
83	0.0
84	0.0
85	0.0
86	0.0
87	0.0
88	0.0
89	0.0
90	0.0
91	0.0
92	0.0
93	0.0
94	0.0
95	0.0
96	0.0
97	0.0
98	0.0
99	0.0
100	0.0
>>END_MODULE
>>Per base N content	pass
#Base	N-Count
1	0.0
2	0.0
3	0.0
4	0.0
5	0.0
6	0.0
7	0.0
8	0.0
9	0.0
10	0.0
11	0.0
12	0.0
13	0.0
14	0.0
15	0.0
16	0.0
17	0.0
18	0.0
19	0.0
20	0.0
21	0.0
22	0.0
23	0.0
24	0.0
25	0.0
26	0.0
27	0.0
28	0.0
29	0.0
30	0.0
31	0.0
32	0.0
33	0.0
34	0.0
35	0.0
36	0.0
37	0.0
38	0.0
39	0.0
40	0.0
41	0.0
42	0.0
43	0.0
44	0.0
45	0.0
46	0.0
47	0.0
48	0.0
49	0.0
>>END_MODULE
>>Sequence Length Distribution	warn
#Length	Count
30	794.0
31	684.0
32	668.0
33	559.0
34	481.0
35	376.0
36	309.0
37	247.0
38	177.0
39	171.0
40	125.0
41	70.0
42	109.0
43	89.0
44	74.0
45	70.0
46	47.0
47	46.0
48	31.0
49	23.0
>>END_MODULE
>>Sequence Duplication Levels	pass
#Total Deduplicated Percentage	100.0
#Duplication Level	Percentage of deduplicated	Percentage of total
1	100.0	100.0
2	0.0	0.0
3	0.0	0.0
4	0.0	0.0
5	0.0	0.0
6	0.0	0.0
7	0.0	0.0
8	0.0	0.0
9	0.0	0.0
>10	0.0	0.0
>50	0.0	0.0
>100	0.0	0.0
>500	0.0	0.0
>1k	0.0	0.0
>5k	0.0	0.0
>10k+	0.0	0.0
>>END_MODULE
>>Overrepresented sequences	pass
>>END_MODULE
>>Adapter Content	pass
#Position	Illumina Universal Adapter	Illumina Small RNA 3' Adapter	Illumina Small RNA 5' Adapter	Nextera Transposase Sequence	SOLID Small RNA Adapter
1	0.0	0.0	0.0	0.0	0.0
2	0.0	0.0	0.0	0.0	0.0
3	0.0	0.0	0.0	0.0	0.0
4	0.0	0.0	0.0	0.0	0.0
5	0.0	0.0	0.0	0.0	0.0
6	0.0	0.0	0.0	0.0	0.0
7	0.0	0.0	0.0	0.0	0.0
8	0.0	0.0	0.0	0.0	0.0
9	0.0	0.0	0.0	0.0	0.0
10	0.0	0.0	0.0	0.0	0.0
11	0.0	0.0	0.0	0.0	0.0
12	0.0	0.0	0.0	0.0	0.0
13	0.0	0.0	0.0	0.0	0.0
14	0.0	0.0	0.0	0.0	0.0
15	0.0	0.0	0.0	0.0	0.0
16	0.0	0.0	0.0	0.0	0.0
17	0.0	0.0	0.0	0.0	0.0
18	0.0	0.0	0.0	0.0	0.0
19	0.0	0.0	0.0	0.0	0.0
20	0.0	0.0	0.0	0.0	0.0
21	0.0	0.0	0.0	0.0	0.0
22	0.0	0.0	0.0	0.0	0.0
23	0.0	0.0	0.0	0.0	0.0
24	0.0	0.0	0.0	0.0	0.0
25	0.0	0.0	0.0	0.0	0.0
26	0.0	0.0	0.0	0.0	0.0
27	0.0	0.0	0.0	0.0	0.0
28	0.0	0.0	0.0	0.0	0.0
29	0.0	0.0	0.0	0.0	0.0
30	0.0	0.0	0.0	0.0	0.0
31	0.0	0.0	0.0	0.0	0.0
32	0.0	0.0	0.0	0.0	0.0
33	0.0	0.0	0.0	0.0	0.0
34	0.0	0.0	0.0	0.0	0.0
35	0.0	0.0	0.0	0.0	0.0
36	0.0	0.0	0.0	0.0	0.0
37	0.0	0.0	0.0	0.0	0.0
>>END_MODULE
>>Kmer Content	warn
#Sequence	Count	PValue	Obs/Exp Max	Max Obs/Exp Position
TTCTTGA	5	0.0018763116	1477.5	41
TTTAGAT	5	0.0018763116	1477.5	41
ATAGGGT	10	0.007747646	134.31818	32
>>END_MODULE
