##FastQC	0.11.5
>>Basic Statistics	pass
#Measure	Value
Filename	ANCIENT.SIM.CONT.COV-10.RUN-2.fq
File type	Conventional base calls
Encoding	Sanger / Illumina 1.9
Total Sequences	5150
Sequences flagged as poor quality	0
Sequence length	30-49
%GC	37
>>END_MODULE
>>Per base sequence quality	pass
#Base	Mean	Median	Lower Quartile	Upper Quartile	10th Percentile	90th Percentile
1	33.26116504854369	34.0	33.0	34.0	32.0	34.0
2	32.91067961165049	34.0	33.0	34.0	32.0	34.0
3	32.92893203883495	34.0	33.0	34.0	32.0	34.0
4	32.85436893203884	34.0	33.0	34.0	32.0	34.0
5	32.86970873786408	34.0	33.0	34.0	32.0	34.0
6	36.238446601941746	38.0	37.0	38.0	33.0	38.0
7	36.728155339805824	38.0	38.0	38.0	35.0	38.0
8	36.75398058252427	38.0	38.0	38.0	35.0	38.0
9	36.83067961165049	38.0	38.0	38.0	35.0	38.0
10	36.79572815533981	38.0	38.0	38.0	35.0	38.0
11	36.7021359223301	38.0	38.0	38.0	35.0	38.0
12	36.913980582524275	38.0	38.0	38.0	36.0	38.0
13	36.78757281553398	38.0	38.0	38.0	36.0	38.0
14	36.806796116504856	38.0	38.0	38.0	36.0	38.0
15	36.783495145631065	38.0	38.0	38.0	35.0	38.0
16	36.910485436893204	38.0	38.0	38.0	36.0	38.0
17	36.797087378640775	38.0	38.0	38.0	36.0	38.0
18	36.82388349514563	38.0	38.0	38.0	36.0	38.0
19	36.80194174757282	38.0	38.0	38.0	36.0	38.0
20	36.84932038834951	38.0	38.0	38.0	36.0	38.0
21	36.767184466019415	38.0	38.0	38.0	36.0	38.0
22	36.71087378640777	38.0	38.0	38.0	35.0	38.0
23	36.798252427184465	38.0	38.0	38.0	36.0	38.0
24	36.85611650485437	38.0	38.0	38.0	36.0	38.0
25	36.715339805825245	38.0	38.0	38.0	35.0	38.0
26	36.66427184466019	38.0	38.0	38.0	35.0	38.0
27	36.78446601941747	38.0	38.0	38.0	35.0	38.0
28	36.754757281553395	38.0	38.0	38.0	35.0	38.0
29	36.732233009708736	38.0	38.0	38.0	35.0	38.0
30	36.878252427184464	38.0	38.0	38.0	36.0	38.0
31	36.80092807424594	38.0	38.0	38.0	36.0	38.0
32	36.90914127423823	38.0	38.0	38.0	36.0	38.0
33	36.85374149659864	38.0	38.0	38.0	35.0	38.0
34	36.81221437474034	38.0	38.0	38.0	36.0	38.0
35	36.808609958506224	38.0	38.0	38.0	36.0	38.0
36	36.77756892230576	38.0	38.0	38.0	35.0	38.0
37	36.93385214007782	38.0	38.0	38.0	36.0	38.0
38	36.89018464528669	38.0	38.0	38.0	35.0	38.0
39	36.64355231143552	38.0	38.0	38.0	34.0	38.0
40	36.50523168908819	38.0	38.0	38.0	34.0	38.0
41	36.61267605633803	38.0	38.0	38.0	35.0	38.0
42	36.489626556016596	38.0	38.0	38.0	34.0	38.0
43	36.84615384615385	38.0	38.0	38.0	36.0	38.0
44	36.44078947368421	38.0	38.0	38.0	33.0	38.0
45	36.869369369369366	38.0	38.0	38.0	35.0	38.0
46	37.10126582278481	38.0	38.0	38.0	35.0	38.0
47	37.48888888888889	NaN	NaN	NaN	NaN	NaN
48	37.15	NaN	NaN	NaN	NaN	NaN
49	36.78260869565217	NaN	NaN	NaN	NaN	NaN
>>END_MODULE
>>Per sequence quality scores	pass
#Quality	Count
32	1.0
33	20.0
34	238.0
35	1475.0
36	2781.0
37	635.0
>>END_MODULE
>>Per base sequence content	fail
#Base	G	A	T	C
1	24.07766990291262	30.349514563106794	40.1747572815534	5.398058252427185
2	24.990291262135923	30.388349514563107	37.650485436893206	6.970873786407767
3	25.145631067961165	29.300970873786408	35.30097087378641	10.252427184466018
4	24.058252427184463	30.504854368932037	34.48543689320388	10.951456310679612
5	24.349514563106798	28.66019417475728	34.71844660194175	12.271844660194175
6	23.37864077669903	29.02912621359223	33.43689320388349	14.155339805825243
7	23.417475728155342	29.35922330097087	33.24271844660194	13.980582524271846
8	23.495145631067963	28.54368932038835	33.747572815533985	14.21359223300971
9	22.9126213592233	28.640776699029125	32.737864077669904	15.708737864077671
10	22.990291262135923	29.398058252427184	32.0	15.611650485436893
11	23.728155339805827	28.42718446601942	31.650485436893206	16.194174757281555
12	23.281553398058254	28.776699029126213	31.961165048543688	15.980582524271844
13	23.883495145631066	29.02912621359223	30.582524271844658	16.50485436893204
14	23.631067961165048	27.92233009708738	31.68932038834951	16.75728155339806
15	23.37864077669903	27.63106796116505	31.786407766990294	17.20388349514563
16	23.747572815533978	28.504854368932037	30.524271844660195	17.223300970873787
17	23.281553398058254	28.116504854368934	32.25242718446602	16.349514563106794
18	23.941747572815533	28.233009708737868	31.611650485436893	16.213592233009706
19	23.436893203883496	27.941747572815533	30.93203883495146	17.689320388349515
20	23.12621359223301	28.42718446601942	31.980582524271846	16.466019417475728
21	23.825242718446603	27.145631067961162	31.30097087378641	17.728155339805827
22	22.50485436893204	28.893203883495143	30.79611650485437	17.805825242718445
23	21.92233009708738	28.97087378640777	32.407766990291265	16.699029126213592
24	23.864077669902915	27.92233009708738	31.2621359223301	16.95145631067961
25	23.067961165048544	28.019417475728154	32.1747572815534	16.737864077669904
26	24.679611650485437	29.16504854368932	30.601941747572813	15.553398058252426
27	23.902912621359224	27.78640776699029	32.85436893203884	15.45631067961165
28	23.533980582524272	30.31067961165049	31.8252427184466	14.33009708737864
29	24.388349514563107	29.067961165048544	34.3883495145631	12.155339805825243
30	24.038834951456312	28.87378640776699	36.970873786407765	10.116504854368932
31	22.668213457076565	30.556844547563806	36.82134570765661	9.953596287703016
32	25.263157894736842	29.806094182825483	36.066481994459835	8.86426592797784
33	24.86394557823129	29.38775510204082	36.156462585034014	9.591836734693878
34	25.965932696302453	28.666389696717907	35.97839634399668	9.389281262982967
35	23.91078838174274	28.682572614107883	37.655601659751035	9.751037344398341
36	23.62155388471178	30.32581453634085	37.03007518796993	9.022556390977442
37	26.225680933852143	29.494163424124515	35.4863813229572	8.793774319066149
38	24.68415937803693	29.834791059280857	36.44314868804665	9.037900874635568
39	25.790754257907544	29.927007299270077	34.306569343065696	9.975669099756692
40	21.973094170403588	31.390134529147986	39.162929745889386	7.473841554559043
41	25.528169014084508	27.640845070422536	38.38028169014084	8.450704225352112
42	28.42323651452282	29.87551867219917	33.60995850622407	8.091286307053942
43	31.29973474801061	25.198938992042443	38.196286472148536	5.305039787798409
44	27.631578947368425	22.697368421052634	43.09210526315789	6.578947368421052
45	26.126126126126124	28.82882882882883	38.73873873873874	6.306306306306306
46	27.848101265822784	32.278481012658226	38.607594936708864	1.2658227848101267
47	33.33333333333333	32.22222222222222	28.888888888888886	5.555555555555555
48	26.666666666666668	31.666666666666664	30.0	11.666666666666666
49	21.73913043478261	34.78260869565217	39.130434782608695	4.3478260869565215
>>END_MODULE
>>Per sequence GC content	pass
#GC Content	Count
0	0.0
1	0.0
2	0.0
3	0.0
4	0.0
5	0.0
6	0.0
7	0.0
8	2.0
9	4.5
10	5.5
11	6.5
12	8.5
13	14.5
14	25.5
15	35.5
16	41.0
17	49.5
18	70.0
19	84.0
20	91.0
21	115.5
22	148.0
23	179.0
24	199.5
25	221.5
26	255.5
27	306.0
28	361.5
29	389.0
30	414.5
31	460.0
32	524.5
33	571.5
34	594.5
35	648.5
36	689.5
37	696.0
38	692.0
39	694.5
40	696.5
41	675.0
42	627.0
43	586.0
44	549.0
45	500.0
46	466.5
47	417.5
48	352.5
49	298.5
50	248.0
51	205.5
52	176.0
53	142.5
54	123.0
55	101.0
56	77.0
57	71.5
58	60.5
59	45.5
60	32.5
61	23.0
62	18.0
63	12.5
64	10.5
65	10.0
66	7.0
67	3.5
68	1.0
69	1.0
70	2.0
71	1.5
72	1.0
73	1.0
74	1.0
75	0.5
76	0.0
77	0.0
78	0.0
79	0.0
80	0.0
81	0.0
82	0.0
83	0.0
84	0.0
85	0.0
86	0.0
87	0.0
88	0.0
89	0.0
90	0.0
91	0.0
92	0.0
93	0.0
94	0.0
95	0.0
96	0.0
97	0.0
98	0.0
99	0.0
100	0.0
>>END_MODULE
>>Per base N content	pass
#Base	N-Count
1	0.0
2	0.0
3	0.0
4	0.0
5	0.0
6	0.0
7	0.0
8	0.0
9	0.0
10	0.0
11	0.0
12	0.0
13	0.0
14	0.0
15	0.0
16	0.0
17	0.0
18	0.0
19	0.0
20	0.0
21	0.0
22	0.0
23	0.0
24	0.0
25	0.0
26	0.0
27	0.0
28	0.0
29	0.0
30	0.0
31	0.0
32	0.0
33	0.0
34	0.0
35	0.0
36	0.0
37	0.0
38	0.0
39	0.0
40	0.0
41	0.0
42	0.0
43	0.0
44	0.0
45	0.0
46	0.0
47	0.0
48	0.0
49	0.0
>>END_MODULE
>>Sequence Length Distribution	warn
#Length	Count
30	840.0
31	700.0
32	670.0
33	533.0
34	479.0
35	332.0
36	311.0
37	256.0
38	207.0
39	153.0
40	101.0
41	86.0
42	105.0
43	73.0
44	82.0
45	64.0
46	68.0
47	30.0
48	37.0
49	23.0
>>END_MODULE
>>Sequence Duplication Levels	pass
#Total Deduplicated Percentage	100.0
#Duplication Level	Percentage of deduplicated	Percentage of total
1	100.0	100.0
2	0.0	0.0
3	0.0	0.0
4	0.0	0.0
5	0.0	0.0
6	0.0	0.0
7	0.0	0.0
8	0.0	0.0
9	0.0	0.0
>10	0.0	0.0
>50	0.0	0.0
>100	0.0	0.0
>500	0.0	0.0
>1k	0.0	0.0
>5k	0.0	0.0
>10k+	0.0	0.0
>>END_MODULE
>>Overrepresented sequences	pass
>>END_MODULE
>>Adapter Content	pass
#Position	Illumina Universal Adapter	Illumina Small RNA 3' Adapter	Illumina Small RNA 5' Adapter	Nextera Transposase Sequence	SOLID Small RNA Adapter
1	0.0	0.0	0.0	0.0	0.0
2	0.0	0.0	0.0	0.0	0.0
3	0.0	0.0	0.0	0.0	0.0
4	0.0	0.0	0.0	0.0	0.0
5	0.0	0.0	0.0	0.0	0.0
6	0.0	0.0	0.0	0.0	0.0
7	0.0	0.0	0.0	0.0	0.0
8	0.0	0.0	0.0	0.0	0.0
9	0.0	0.0	0.0	0.0	0.0
10	0.0	0.0	0.0	0.0	0.0
11	0.0	0.0	0.0	0.0	0.0
12	0.0	0.0	0.0	0.0	0.0
13	0.0	0.0	0.0	0.0	0.0
14	0.0	0.0	0.0	0.0	0.0
15	0.0	0.0	0.0	0.0	0.0
16	0.0	0.0	0.0	0.0	0.0
17	0.0	0.0	0.0	0.0	0.0
18	0.0	0.0	0.0	0.0	0.0
19	0.0	0.0	0.0	0.0	0.0
20	0.0	0.0	0.0	0.0	0.0
21	0.0	0.0	0.0	0.0	0.0
22	0.0	0.0	0.0	0.0	0.0
23	0.0	0.0	0.0	0.0	0.0
24	0.0	0.0	0.0	0.0	0.0
25	0.0	0.0	0.0	0.0	0.0
26	0.0	0.0	0.0	0.0	0.0
27	0.0	0.0	0.0	0.0	0.0
28	0.0	0.0	0.0	0.0	0.0
29	0.0	0.0	0.0	0.0	0.0
30	0.0	0.0	0.0	0.0	0.0
31	0.0	0.0	0.0	0.0	0.0
32	0.0	0.0	0.0	0.0	0.0
33	0.0	0.0	0.0	0.0	0.0
34	0.0	0.0	0.0	0.0	0.0
35	0.0	0.0	0.0	0.0	0.0
36	0.0	0.0	0.0	0.0	0.0
37	0.0	0.0	0.0	0.0	0.0
>>END_MODULE
>>Kmer Content	fail
#Sequence	Count	PValue	Obs/Exp Max	Max Obs/Exp Position
TTATTGT	5	0.0	2902.0	40
TTTATTG	5	0.0019454726	1451.0	39
CTGACTA	10	0.00778189	725.5	39
>>END_MODULE
