##FastQC	0.11.5
>>Basic Statistics	pass
#Measure	Value
Filename	ANCIENT.SIM.CONT.COV-10.RUN-3.fq
File type	Conventional base calls
Encoding	Sanger / Illumina 1.9
Total Sequences	5150
Sequences flagged as poor quality	0
Sequence length	30-49
%GC	37
>>END_MODULE
>>Per base sequence quality	pass
#Base	Mean	Median	Lower Quartile	Upper Quartile	10th Percentile	90th Percentile
1	33.27165048543689	34.0	33.0	34.0	32.0	34.0
2	32.80427184466019	34.0	33.0	34.0	32.0	34.0
3	32.90330097087379	34.0	33.0	34.0	32.0	34.0
4	32.83631067961165	34.0	33.0	34.0	32.0	34.0
5	32.87242718446602	34.0	33.0	34.0	32.0	34.0
6	36.30271844660194	38.0	37.0	38.0	34.0	38.0
7	36.62116504854369	38.0	38.0	38.0	35.0	38.0
8	36.60563106796116	38.0	38.0	38.0	35.0	38.0
9	36.70660194174757	38.0	38.0	38.0	35.0	38.0
10	36.95708737864078	38.0	38.0	38.0	36.0	38.0
11	36.75495145631068	38.0	38.0	38.0	36.0	38.0
12	36.767766990291264	38.0	38.0	38.0	36.0	38.0
13	36.914563106796116	38.0	38.0	38.0	36.0	38.0
14	36.883495145631066	38.0	38.0	38.0	36.0	38.0
15	36.798252427184465	38.0	38.0	38.0	36.0	38.0
16	36.80815533980582	38.0	38.0	38.0	36.0	38.0
17	36.83398058252427	38.0	38.0	38.0	36.0	38.0
18	36.76407766990291	38.0	38.0	38.0	35.0	38.0
19	36.781359223300974	38.0	38.0	38.0	36.0	38.0
20	36.76970873786408	38.0	38.0	38.0	35.0	38.0
21	36.887378640776696	38.0	38.0	38.0	36.0	38.0
22	36.8695145631068	38.0	38.0	38.0	36.0	38.0
23	36.82621359223301	38.0	38.0	38.0	36.0	38.0
24	36.843300970873784	38.0	38.0	38.0	36.0	38.0
25	36.74446601941747	38.0	38.0	38.0	35.0	38.0
26	36.819223300970876	38.0	38.0	38.0	36.0	38.0
27	36.73572815533981	38.0	38.0	38.0	35.0	38.0
28	36.8073786407767	38.0	38.0	38.0	36.0	38.0
29	36.824660194174754	38.0	38.0	38.0	36.0	38.0
30	36.811844660194176	38.0	38.0	38.0	36.0	38.0
31	36.84973124561814	38.0	38.0	38.0	36.0	38.0
32	36.76659230340212	38.0	38.0	38.0	35.0	38.0
33	36.81833910034602	38.0	38.0	38.0	36.0	38.0
34	36.8933389544688	38.0	38.0	38.0	35.0	38.0
35	36.808169596690796	38.0	38.0	38.0	36.0	38.0
36	36.903205531112505	38.0	38.0	38.0	36.0	38.0
37	36.9944576405384	38.0	38.0	38.0	36.0	38.0
38	36.706273764258555	38.0	38.0	38.0	35.0	38.0
39	36.90758293838863	38.0	38.0	38.0	36.0	38.0
40	36.72740524781341	38.0	38.0	38.0	35.0	38.0
41	36.81305114638448	38.0	38.0	38.0	35.0	38.0
42	36.474332648870636	38.0	38.0	38.0	34.0	38.0
43	36.77807486631016	38.0	38.0	38.0	34.0	38.0
44	36.91428571428571	38.0	38.0	38.0	35.0	38.0
45	36.994923857868024	38.0	38.0	38.0	35.0	38.0
46	36.96153846153846	38.0	38.0	38.0	36.0	38.0
47	36.54545454545455	NaN	NaN	NaN	NaN	NaN
48	37.0	NaN	NaN	NaN	NaN	NaN
49	36.86363636363637	NaN	NaN	NaN	NaN	NaN
>>END_MODULE
>>Per sequence quality scores	pass
#Quality	Count
32	3.0
33	21.0
34	254.0
35	1409.0
36	2817.0
37	646.0
>>END_MODULE
>>Per base sequence content	fail
#Base	G	A	T	C
1	24.990291262135923	30.87378640776699	39.029126213592235	5.106796116504855
2	24.038834951456312	29.96116504854369	38.407766990291265	7.592233009708737
3	23.398058252427184	29.262135922330096	37.24271844660194	10.097087378640776
4	24.62135922330097	29.96116504854369	34.85436893203884	10.563106796116504
5	24.504854368932037	29.106796116504853	33.51456310679612	12.87378640776699
6	24.135922330097088	29.24271844660194	33.32038834951456	13.300970873786408
7	23.766990291262136	29.02912621359223	33.55339805825243	13.650485436893204
8	23.766990291262136	28.66019417475728	32.83495145631068	14.7378640776699
9	23.844660194174757	28.330097087378643	31.66990291262136	16.155339805825243
10	23.495145631067963	28.66019417475728	31.74757281553398	16.097087378640776
11	22.737864077669904	29.106796116504853	31.864077669902912	16.29126213592233
12	22.815533980582526	29.087378640776702	31.805825242718445	16.29126213592233
13	22.155339805825243	28.233009708737868	33.53398058252427	16.07766990291262
14	23.57281553398058	27.90291262135922	32.07766990291262	16.446601941747574
15	23.106796116504853	28.485436893203886	31.145631067961165	17.262135922330096
16	22.718446601941746	29.398058252427184	30.990291262135923	16.893203883495143
17	24.466019417475728	28.135922330097085	30.69902912621359	16.699029126213592
18	23.533980582524272	29.087378640776702	31.2621359223301	16.116504854368934
19	23.611650485436893	28.71844660194175	30.36893203883495	17.300970873786408
20	24.349514563106798	27.78640776699029	30.388349514563107	17.475728155339805
21	23.106796116504853	28.58252427184466	31.514563106796118	16.796116504854368
22	24.155339805825243	28.174757281553397	30.970873786407765	16.699029126213592
23	22.854368932038835	28.621359223300967	31.74757281553398	16.776699029126213
24	22.50485436893204	29.145631067961165	31.24271844660194	17.106796116504857
25	24.25242718446602	28.504854368932037	31.32038834951456	15.922330097087379
26	24.058252427184463	28.09708737864078	31.2621359223301	16.582524271844658
27	23.475728155339805	28.87378640776699	32.69902912621359	14.951456310679612
28	22.854368932038835	29.35922330097087	33.2621359223301	14.524271844660195
29	23.359223300970875	28.951456310679614	35.0873786407767	12.601941747572814
30	22.737864077669904	29.04854368932039	37.84466019417476	10.368932038834952
31	24.982472540313157	29.282542650151903	35.68590792241178	10.04907688712316
32	24.3446737311768	29.029559397657557	37.84160624651422	8.784160624651422
33	25.5363321799308	29.58477508650519	36.71280276816609	8.166089965397925
34	24.957841483979763	29.72175379426644	35.79258010118044	9.527824620573355
35	23.991726990692865	29.26577042399173	36.71147880041365	10.031023784901757
36	25.769956002514142	28.22124450031427	36.329352608422376	9.679446888749215
37	27.47426761678543	29.13697545526524	36.81710213776722	6.571654790182106
38	25.285171102661597	29.942965779467677	35.361216730038024	9.4106463878327
39	26.303317535545023	27.3696682464455	35.78199052132701	10.545023696682465
40	24.34402332361516	29.008746355685133	38.33819241982507	8.309037900874635
41	25.573192239858905	28.04232804232804	37.56613756613756	8.818342151675484
42	25.87268993839836	29.36344969199179	38.809034907597535	5.95482546201232
43	26.203208556149733	30.481283422459892	36.63101604278075	6.684491978609626
44	27.857142857142858	28.214285714285715	36.42857142857142	7.5
45	29.949238578680205	26.39593908629442	36.04060913705584	7.614213197969544
46	26.153846153846157	30.76923076923077	34.61538461538461	8.461538461538462
47	33.76623376623377	24.675324675324674	35.064935064935064	6.493506493506493
48	36.17021276595745	25.53191489361702	36.17021276595745	2.127659574468085
49	27.27272727272727	36.36363636363637	31.818181818181817	4.545454545454546
>>END_MODULE
>>Per sequence GC content	pass
#GC Content	Count
0	0.0
1	0.0
2	0.0
3	0.0
4	0.0
5	0.0
6	0.0
7	0.0
8	0.5
9	1.0
10	1.5
11	3.5
12	8.0
13	12.5
14	19.0
15	30.0
16	39.5
17	48.0
18	60.5
19	73.0
20	92.0
21	120.5
22	155.5
23	180.0
24	203.5
25	240.5
26	289.5
27	338.0
28	365.0
29	382.5
30	425.5
31	485.0
32	539.0
33	578.5
34	610.5
35	653.5
36	680.0
37	689.5
38	683.5
39	685.5
40	685.5
41	672.5
42	639.5
43	576.0
44	505.0
45	458.5
46	441.0
47	406.0
48	345.0
49	291.0
50	251.0
51	217.5
52	179.0
53	135.0
54	113.0
55	96.5
56	77.0
57	68.0
58	61.5
59	49.5
60	35.0
61	27.0
62	24.0
63	17.0
64	10.0
65	9.0
66	11.5
67	11.0
68	7.5
69	4.5
70	4.0
71	3.5
72	2.5
73	1.0
74	0.0
75	0.0
76	0.0
77	0.0
78	0.0
79	0.0
80	0.0
81	0.0
82	0.0
83	0.0
84	0.0
85	0.0
86	0.0
87	0.0
88	0.0
89	0.0
90	0.0
91	0.0
92	0.0
93	0.0
94	0.0
95	0.0
96	0.0
97	0.0
98	0.0
99	0.0
100	0.0
>>END_MODULE
>>Per base N content	pass
#Base	N-Count
1	0.0
2	0.0
3	0.0
4	0.0
5	0.0
6	0.0
7	0.0
8	0.0
9	0.0
10	0.0
11	0.0
12	0.0
13	0.0
14	0.0
15	0.0
16	0.0
17	0.0
18	0.0
19	0.0
20	0.0
21	0.0
22	0.0
23	0.0
24	0.0
25	0.0
26	0.0
27	0.0
28	0.0
29	0.0
30	0.0
31	0.0
32	0.0
33	0.0
34	0.0
35	0.0
36	0.0
37	0.0
38	0.0
39	0.0
40	0.0
41	0.0
42	0.0
43	0.0
44	0.0
45	0.0
46	0.0
47	0.0
48	0.0
49	0.0
>>END_MODULE
>>Sequence Length Distribution	warn
#Length	Count
30	871.0
31	693.0
32	696.0
33	518.0
34	438.0
35	343.0
36	328.0
37	211.0
38	208.0
39	158.0
40	119.0
41	80.0
42	113.0
43	94.0
44	83.0
45	67.0
46	53.0
47	30.0
48	25.0
49	22.0
>>END_MODULE
>>Sequence Duplication Levels	pass
#Total Deduplicated Percentage	100.0
#Duplication Level	Percentage of deduplicated	Percentage of total
1	100.0	100.0
2	0.0	0.0
3	0.0	0.0
4	0.0	0.0
5	0.0	0.0
6	0.0	0.0
7	0.0	0.0
8	0.0	0.0
9	0.0	0.0
>10	0.0	0.0
>50	0.0	0.0
>100	0.0	0.0
>500	0.0	0.0
>1k	0.0	0.0
>5k	0.0	0.0
>10k+	0.0	0.0
>>END_MODULE
>>Overrepresented sequences	pass
>>END_MODULE
>>Adapter Content	pass
#Position	Illumina Universal Adapter	Illumina Small RNA 3' Adapter	Illumina Small RNA 5' Adapter	Nextera Transposase Sequence	SOLID Small RNA Adapter
1	0.0	0.0	0.0	0.0	0.0
2	0.0	0.0	0.0	0.0	0.0
3	0.0	0.0	0.0	0.0	0.0
4	0.0	0.0	0.0	0.0	0.0
5	0.0	0.0	0.0	0.0	0.0
6	0.0	0.0	0.0	0.0	0.0
7	0.0	0.0	0.0	0.0	0.0
8	0.0	0.0	0.0	0.0	0.0
9	0.0	0.0	0.0	0.0	0.0
10	0.0	0.0	0.0	0.0	0.0
11	0.0	0.0	0.0	0.0	0.0
12	0.0	0.0	0.0	0.0	0.0
13	0.0	0.0	0.0	0.0	0.0
14	0.0	0.0	0.0	0.0	0.0
15	0.0	0.0	0.0	0.0	0.0
16	0.0	0.0	0.0	0.0	0.0
17	0.0	0.0	0.0	0.0	0.0
18	0.0	0.0	0.0	0.0	0.0
19	0.0	0.0	0.0	0.0	0.0
20	0.0	0.0	0.0	0.0	0.0
21	0.0	0.0	0.0	0.0	0.0
22	0.0	0.0	0.0	0.0	0.0
23	0.0	0.0	0.0	0.0	0.0
24	0.0	0.0	0.0	0.0	0.0
25	0.0	0.0	0.0	0.0	0.0
26	0.0	0.0	0.0	0.0	0.0
27	0.0	0.0	0.0	0.0	0.0
28	0.0	0.0	0.0	0.0	0.0
29	0.0	0.0	0.0	0.0	0.0
30	0.0	0.0	0.0	0.0	0.0
31	0.0	0.0	0.0	0.0	0.0
32	0.0	0.0	0.0	0.0	0.0
33	0.0	0.0	0.0	0.0	0.0
34	0.0	0.0	0.0	0.0	0.0
35	0.0	0.0	0.0	0.0	0.0
36	0.0	0.0	0.0	0.0	0.0
37	0.0	0.0	0.0	0.0	0.0
>>END_MODULE
>>Kmer Content	fail
#Sequence	Count	PValue	Obs/Exp Max	Max Obs/Exp Position
AGAAAGA	5	0.0	2883.0	40
GAAAGAA	10	0.0	1441.5	41
CCGCATT	5	0.0059122317	960.99994	38
GAAGAAA	5	0.0059122317	960.99994	38
ATTTTAT	10	0.0078847995	720.75	39
>>END_MODULE
