##FastQC	0.11.5
>>Basic Statistics	pass
#Measure	Value
Filename	ANCIENT.SIM.CONT.COV-10.RUN-1.fq
File type	Conventional base calls
Encoding	Sanger / Illumina 1.9
Total Sequences	5150
Sequences flagged as poor quality	0
Sequence length	30-49
%GC	37
>>END_MODULE
>>Per base sequence quality	pass
#Base	Mean	Median	Lower Quartile	Upper Quartile	10th Percentile	90th Percentile
1	33.23883495145631	34.0	33.0	34.0	32.0	34.0
2	32.882912621359225	34.0	33.0	34.0	32.0	34.0
3	32.8326213592233	34.0	33.0	34.0	32.0	34.0
4	32.846796116504855	34.0	33.0	34.0	32.0	34.0
5	32.948932038834954	34.0	33.0	34.0	32.0	34.0
6	36.36640776699029	38.0	37.0	38.0	33.0	38.0
7	36.62640776699029	38.0	38.0	38.0	35.0	38.0
8	36.6526213592233	38.0	38.0	38.0	35.0	38.0
9	36.91922330097088	38.0	38.0	38.0	36.0	38.0
10	36.85747572815534	38.0	38.0	38.0	36.0	38.0
11	36.80271844660194	38.0	38.0	38.0	36.0	38.0
12	36.89728155339806	38.0	38.0	38.0	36.0	38.0
13	36.8473786407767	38.0	38.0	38.0	36.0	38.0
14	36.81611650485437	38.0	38.0	38.0	36.0	38.0
15	36.772233009708735	38.0	38.0	38.0	36.0	38.0
16	36.80466019417476	38.0	38.0	38.0	36.0	38.0
17	36.8578640776699	38.0	38.0	38.0	36.0	38.0
18	36.77708737864078	38.0	38.0	38.0	35.0	38.0
19	36.875533980582524	38.0	38.0	38.0	36.0	38.0
20	36.80893203883495	38.0	38.0	38.0	36.0	38.0
21	36.75728155339806	38.0	38.0	38.0	36.0	38.0
22	36.81223300970874	38.0	38.0	38.0	36.0	38.0
23	36.7747572815534	38.0	38.0	38.0	35.0	38.0
24	36.74	38.0	38.0	38.0	35.0	38.0
25	36.80271844660194	38.0	38.0	38.0	36.0	38.0
26	36.771844660194176	38.0	38.0	38.0	36.0	38.0
27	36.72388349514563	38.0	38.0	38.0	35.0	38.0
28	36.70815533980583	38.0	38.0	38.0	35.0	38.0
29	36.743495145631066	38.0	38.0	38.0	35.0	38.0
30	36.8695145631068	38.0	38.0	38.0	36.0	38.0
31	36.773927014000456	38.0	38.0	38.0	35.0	38.0
32	36.9083402146986	38.0	38.0	38.0	36.0	38.0
33	36.91883665877579	38.0	38.0	38.0	36.0	38.0
34	36.88084402151427	38.0	38.0	38.0	36.0	38.0
35	36.86001029336078	38.0	38.0	38.0	35.0	38.0
36	36.82688649334179	38.0	38.0	38.0	36.0	38.0
37	36.799050632911396	38.0	38.0	38.0	35.0	38.0
38	36.80873786407767	38.0	38.0	38.0	35.0	38.0
39	36.52757793764988	38.0	38.0	38.0	34.0	38.0
40	36.641726618705036	38.0	38.0	38.0	35.0	38.0
41	37.15964912280702	38.0	38.0	38.0	36.0	38.0
42	36.83572895277207	38.0	38.0	38.0	34.0	38.0
43	36.8068783068783	38.0	38.0	38.0	35.0	38.0
44	36.611111111111114	38.0	38.0	38.0	34.0	38.0
45	36.57213930348259	38.0	38.0	38.0	34.0	38.0
46	37.20289855072464	38.0	38.0	38.0	37.0	38.0
47	37.5	NaN	NaN	NaN	NaN	NaN
48	37.06666666666667	NaN	NaN	NaN	NaN	NaN
49	37.4	NaN	NaN	NaN	NaN	NaN
>>END_MODULE
>>Per sequence quality scores	pass
#Quality	Count
32	3.0
33	27.0
34	253.0
35	1412.0
36	2763.0
37	692.0
>>END_MODULE
>>Per base sequence content	fail
#Base	G	A	T	C
1	24.71844660194175	29.864077669902912	40.50485436893204	4.912621359223301
2	23.941747572815533	30.330097087378643	38.038834951456316	7.689320388349515
3	25.495145631067963	29.067961165048544	35.80582524271845	9.63106796116505
4	24.427184466019416	30.42718446601942	34.42718446601942	10.718446601941748
5	24.271844660194176	28.99029126213592	34.077669902912625	12.660194174757281
6	23.864077669902915	29.145631067961165	33.37864077669903	13.611650485436893
7	23.281553398058254	29.281553398058254	32.349514563106794	15.0873786407767
8	23.398058252427184	29.37864077669903	31.611650485436893	15.611650485436893
9	24.135922330097088	28.019417475728154	32.79611650485437	15.048543689320388
10	23.37864077669903	28.932038834951456	31.631067961165048	16.058252427184467
11	23.145631067961165	28.58252427184466	31.49514563106796	16.776699029126213
12	24.155339805825243	28.09708737864078	32.05825242718446	15.689320388349515
13	23.02912621359223	29.33980582524272	30.990291262135923	16.640776699029125
14	23.514563106796118	29.22330097087379	30.718446601941746	16.54368932038835
15	23.0873786407767	29.572815533980584	31.12621359223301	16.213592233009706
16	24.563106796116504	28.601941747572816	29.572815533980584	17.262135922330096
17	22.330097087378643	29.80582524271845	31.30097087378641	16.563106796116507
18	22.83495145631068	28.99029126213592	31.864077669902912	16.310679611650485
19	23.96116504854369	28.52427184466019	30.62135922330097	16.893203883495143
20	23.184466019417478	28.000000000000004	31.70873786407767	17.106796116504857
21	23.320388349514563	28.330097087378643	32.038834951456316	16.310679611650485
22	23.689320388349515	27.980582524271846	31.32038834951456	17.009708737864077
23	22.854368932038835	27.74757281553398	32.310679611650485	17.0873786407767
24	22.75728155339806	28.54368932038835	31.55339805825243	17.145631067961165
25	22.11650485436893	28.446601941747574	33.0873786407767	16.349514563106794
26	23.37864077669903	27.92233009708738	32.33009708737864	16.368932038834952
27	23.223300970873787	29.514563106796114	32.46601941747573	14.79611650485437
28	23.902912621359224	28.368932038834956	32.85436893203884	14.873786407766989
29	23.359223300970875	28.640776699029125	35.320388349514566	12.679611650485437
30	23.728155339805827	29.320388349514566	36.0	10.951456310679612
31	24.35161808583888	28.850126233647007	37.15859536378242	9.639660316731696
32	24.470134874759154	30.443159922928707	36.911643270024776	8.175061932287365
33	24.34900236726412	27.69699019276294	38.48495096381468	9.469056476158269
34	24.493173355399257	29.871741828713283	36.077782374844844	9.557302441042614
35	24.858466289243438	29.850746268656714	35.66649511065363	9.624292331446217
36	23.779327837666457	30.120481927710845	37.34939759036144	8.750792644261256
37	26.819620253164555	27.531645569620256	37.42088607594937	8.227848101265822
38	25.922330097087375	27.378640776699033	36.89320388349515	9.805825242718447
39	25.77937649880096	29.136690647482016	35.25179856115108	9.832134292565947
40	26.187050359712234	26.762589928057558	40.0	7.0503597122302155
41	22.280701754385966	32.45614035087719	38.24561403508772	7.017543859649122
42	28.336755646817245	26.283367556468175	39.83572895277207	5.544147843942506
43	26.455026455026452	32.01058201058201	37.03703703703704	4.497354497354497
44	28.819444444444443	32.98611111111111	33.33333333333333	4.861111111111112
45	29.35323383084577	32.83582089552239	31.8407960199005	5.970149253731343
46	26.811594202898554	26.811594202898554	39.85507246376812	6.521739130434782
47	13.953488372093023	36.04651162790697	41.86046511627907	8.13953488372093
48	35.55555555555556	26.666666666666668	33.33333333333333	4.444444444444445
49	32.0	24.0	40.0	4.0
>>END_MODULE
>>Per sequence GC content	pass
#GC Content	Count
0	0.0
1	0.0
2	0.0
3	0.0
4	0.0
5	0.0
6	0.0
7	0.0
8	0.0
9	0.0
10	0.0
11	3.5
12	8.0
13	12.0
14	16.0
15	29.0
16	43.0
17	51.5
18	68.0
19	87.5
20	108.0
21	134.0
22	157.0
23	179.5
24	218.0
25	265.5
26	306.0
27	331.5
28	356.5
29	383.0
30	434.0
31	498.5
32	541.5
33	567.0
34	595.0
35	651.5
36	683.5
37	660.0
38	632.5
39	623.5
40	640.0
41	645.0
42	613.0
43	576.0
44	530.0
45	485.5
46	461.5
47	434.5
48	383.5
49	327.0
50	274.5
51	242.5
52	200.5
53	135.5
54	92.5
55	78.0
56	68.0
57	56.5
58	48.0
59	39.0
60	39.0
61	36.0
62	25.5
63	13.5
64	10.5
65	13.5
66	11.0
67	6.5
68	3.5
69	3.0
70	3.5
71	4.0
72	2.0
73	0.0
74	0.0
75	0.0
76	0.0
77	0.0
78	0.0
79	0.0
80	0.0
81	0.0
82	0.0
83	0.0
84	0.0
85	0.0
86	0.0
87	0.0
88	0.0
89	0.0
90	0.0
91	0.0
92	0.0
93	0.0
94	0.0
95	0.0
96	0.0
97	0.0
98	0.0
99	0.0
100	0.0
>>END_MODULE
>>Per base N content	pass
#Base	N-Count
1	0.0
2	0.0
3	0.0
4	0.0
5	0.0
6	0.0
7	0.0
8	0.0
9	0.0
10	0.0
11	0.0
12	0.0
13	0.0
14	0.0
15	0.0
16	0.0
17	0.0
18	0.0
19	0.0
20	0.0
21	0.0
22	0.0
23	0.0
24	0.0
25	0.0
26	0.0
27	0.0
28	0.0
29	0.0
30	0.0
31	0.0
32	0.0
33	0.0
34	0.0
35	0.0
36	0.0
37	0.0
38	0.0
39	0.0
40	0.0
41	0.0
42	0.0
43	0.0
44	0.0
45	0.0
46	0.0
47	0.0
48	0.0
49	0.0
>>END_MODULE
>>Sequence Length Distribution	warn
#Length	Count
30	793.0
31	724.0
32	676.0
33	540.0
34	474.0
35	366.0
36	313.0
37	234.0
38	196.0
39	139.0
40	125.0
41	83.0
42	109.0
43	90.0
44	87.0
45	63.0
46	52.0
47	41.0
48	20.0
49	25.0
>>END_MODULE
>>Sequence Duplication Levels	pass
#Total Deduplicated Percentage	100.0
#Duplication Level	Percentage of deduplicated	Percentage of total
1	100.0	100.0
2	0.0	0.0
3	0.0	0.0
4	0.0	0.0
5	0.0	0.0
6	0.0	0.0
7	0.0	0.0
8	0.0	0.0
9	0.0	0.0
>10	0.0	0.0
>50	0.0	0.0
>100	0.0	0.0
>500	0.0	0.0
>1k	0.0	0.0
>5k	0.0	0.0
>10k+	0.0	0.0
>>END_MODULE
>>Overrepresented sequences	pass
>>END_MODULE
>>Adapter Content	pass
#Position	Illumina Universal Adapter	Illumina Small RNA 3' Adapter	Illumina Small RNA 5' Adapter	Nextera Transposase Sequence	SOLID Small RNA Adapter
1	0.0	0.0	0.0	0.0	0.0
2	0.0	0.0	0.0	0.0	0.0
3	0.0	0.0	0.0	0.0	0.0
4	0.0	0.0	0.0	0.0	0.0
5	0.0	0.0	0.0	0.0	0.0
6	0.0	0.0	0.0	0.0	0.0
7	0.0	0.0	0.0	0.0	0.0
8	0.0	0.0	0.0	0.0	0.0
9	0.0	0.0	0.0	0.0	0.0
10	0.0	0.0	0.0	0.0	0.0
11	0.0	0.0	0.0	0.0	0.0
12	0.0	0.0	0.0	0.0	0.0
13	0.0	0.0	0.0	0.0	0.0
14	0.0	0.0	0.0	0.0	0.0
15	0.0	0.0	0.0	0.0	0.0
16	0.0	0.0	0.0	0.0	0.0
17	0.0	0.0	0.0	0.0	0.0
18	0.0	0.0	0.0	0.0	0.0
19	0.0	0.0	0.0	0.0	0.0
20	0.0	0.0	0.0	0.0	0.0
21	0.0	0.0	0.0	0.0	0.0
22	0.0	0.0	0.0	0.0	0.0
23	0.0	0.0	0.0	0.0	0.0
24	0.0	0.0	0.0	0.0	0.0
25	0.0	0.0	0.0	0.0	0.0
26	0.0	0.0	0.0	0.0	0.0
27	0.0	0.0	0.0	0.0	0.0
28	0.0	0.0	0.0	0.0	0.0
29	0.0	0.0	0.0	0.0	0.0
30	0.0	0.0	0.0	0.0	0.0
31	0.0	0.0	0.0	0.0	0.0
32	0.0	0.0	0.0	0.0	0.0
33	0.0	0.0	0.0	0.0	0.0
34	0.0	0.0	0.0	0.0	0.0
35	0.0	0.0	0.0	0.0	0.0
36	0.0	0.0	0.0	0.0	0.0
37	0.0	0.0	0.0	0.0	0.0
>>END_MODULE
>>Kmer Content	fail
#Sequence	Count	PValue	Obs/Exp Max	Max Obs/Exp Position
TGGTAGG	5	0.0	2905.0	41
TAGCATT	5	0.0019414566	1452.5	40
GTGGTAG	10	0.0077658263	726.25	40
>>END_MODULE
